4810232 4790309 4796936 4756207 4871887 4865079 4877305 4748496 4743193 4798506 4641421 4755603 4682065 4812150 4748137 4789924 4662616 4858420 4714806 4803425 4818219 4784319 4656685 4693759 4839731 4705155 4865748 4691924 4736167 4764381 
19373549 19345342 19030073 18810006 19136780 19167338 19367264 19283732 19017991 19447472 18520223 18889441 19265751 19018318 19010091 19081287 19081744 18942804 18999498 19247859 18798783 18478817 18808727 19058960 19161765 18428428 18921842 18795535 19228778 18858263 
42748575 43538148 42799203 41803053 42284231 43366373 42562062 42384764 42514997 43426027 43491453 43067060 43140805 43185580 42407003 42517974 42177808 42760989 42548601 42960685 42091248 42505371 43261636 42351560 43174584 42788178 42209434 42734986 42695128 42825234 
75839499 75173037 75403953 76476314 75949234 76152079 76062975 76002812 74871978 74952698 74797098 76156802 75661671 77052843 76522413 75510985 76148684 76504518 75561706 76195123 75279214 75993065 76547336 76177596 75475004 76159592 76501016 77105423 75425661 76066402 
118951281 119880570 118668155 119857525 117193939 117808013 119273806 118718091 118301172 119437986 117968403 118314500 119566330 117562210 118344102 117303344 118366830 119252634 117461944 118193470 117404404 118953987 118973159 119204657 118031852 117499569 118163627 118537600 118361553 115799601 
168840684 169951492 168734056 171910880 172051923 169371678 170050095 170410379 169096325 170625351 170141421 170157238 171218364 173065918 169178868 171704792 171742472 169082430 171798370 172003477 169231429 169965531 172293957 170295795 170188647 168862531 170235358 170090757 171053367 171522919 
231294285 232570293 231524653 232914480 231486712 230233582 233960269 236659883 230760691 234167633 230438662 232435867 232854103 231325129 233385816 233844232 229474576 233032975 233670005 233059818 231806775 234692369 231787984 234582711 232845770 233097253 231525151 232457105 233546809 230832333 
302372359 300033065 298053724 299620779 302117128 301766429 303697055 301704865 304674588 299845249 303495678 299941939 300987509 302622190 302318244 300832037 300765048 303296890 301611645 302231380 301890657 300198333 303715105 303363122 298574219 297906080 302828010 299008996 300670890 303586720 
380208495 376365005 377248943 378549895 383251583 380067035 378909744 376549912 380685558 377707113 381227503 383913605 381851408 373795850 379638031 378865139 383413184 378112523 380161527 375499532 378574171 380088525 376607251 380526262 379629774 378386864 377266114 378938805 377553188 382435599 
468677167 460485157 463195772 464480162 467826375 462246261 461979222 463440068 461791030 466413795 465749760 465713450 463083735 466853654 464828181 465559207 464299546 468175669 464677005 465366386 465093631 462552129 463703458 464039380 459947216 466033465 465655671 464510678 461343647 463873451 
