12502499 4999 4999 4999 4999 4999 4999 4999 4999 4999 4999 4999 4999 4999 4999 4999 4999 4999 4999 4999 4999 4999 4999 4999 4999 4999 4999 4999 4999 4999 
50004999 9999 9999 9999 9999 9999 9999 9999 9999 9999 9999 9999 9999 9999 9999 9999 9999 9999 9999 9999 9999 9999 9999 9999 9999 9999 9999 9999 9999 9999 
112507499 14999 14999 14999 14999 14999 14999 14999 14999 14999 14999 14999 14999 14999 14999 14999 14999 14999 14999 14999 14999 14999 14999 14999 14999 14999 14999 14999 14999 14999 
200009999 19999 19999 19999 19999 19999 19999 19999 19999 19999 19999 19999 19999 19999 19999 19999 19999 19999 19999 19999 19999 19999 19999 19999 19999 19999 19999 19999 19999 19999 
312512499 24999 24999 24999 24999 24999 24999 24999 24999 24999 24999 24999 24999 24999 24999 24999 24999 24999 24999 24999 24999 24999 24999 24999 24999 24999 24999 24999 24999 24999 
450014999 29999 29999 29999 29999 29999 29999 29999 29999 29999 29999 29999 29999 29999 29999 29999 29999 29999 29999 29999 29999 29999 29999 29999 29999 29999 29999 29999 29999 29999 
612517499 34999 34999 34999 34999 34999 34999 34999 34999 34999 34999 34999 34999 34999 34999 34999 34999 34999 34999 34999 34999 34999 34999 34999 34999 34999 34999 34999 34999 34999 
800019999 39999 39999 39999 39999 39999 39999 39999 39999 39999 39999 39999 39999 39999 39999 39999 39999 39999 39999 39999 39999 39999 39999 39999 39999 39999 39999 39999 39999 39999 
1012522499 44999 44999 44999 44999 44999 44999 44999 44999 44999 44999 44999 44999 44999 44999 44999 44999 44999 44999 44999 44999 44999 44999 44999 44999 44999 44999 44999 44999 44999 
1250024999 49999 49999 49999 49999 49999 49999 49999 49999 49999 49999 49999 49999 49999 49999 49999 49999 49999 49999 49999 49999 49999 49999 49999 49999 49999 49999 49999 49999 49999 
